[ConfigIO]
	appname=Filter-StateVariable
	version=$VER: EnvelopeSweep.cfg 1.20 (02.11.98) © by Stefan Kost 1993-1998

[S1]
	RangeMode=All

[M1]
	Value1=1.00000000
	Value2=1.00000000
	BShape=None

[M2]
	Value1=0.0000000
	Value2=0.750000000
	BShape=Vector
	Ve_Anz=15
	Ve_Point000=0.000000,0.710383
	Ve_Point001=0.011666,0.857924
	Ve_Point002=0.031666,0.945355
	Ve_Point003=0.083333,1.000000
	Ve_Point004=0.250000,1.000000
	Ve_Point005=0.310000,0.841530
	Ve_Point006=0.395000,0.879781
	Ve_Point007=0.520000,0.775956
	Ve_Point008=0.780000,0.775956
	Ve_Point009=0.841667,0.754098
	Ve_Point010=0.878333,0.677596
	Ve_Point011=0.901667,0.540984
	Ve_Point012=0.931667,0.300546
	Ve_Point013=0.966667,0.076502
	Ve_Point014=1.000000,0.000000

[M3]
	Value1=50.00000000
	Value2=10.00000000
	BShape=Vector
	Ve_Anz=11
	Ve_Point000=0.000000,0.000000
	Ve_Point001=0.073333,0.551913
	Ve_Point002=0.138333,0.765027
	Ve_Point003=0.228333,0.912568
	Ve_Point004=0.341667,0.994536
	Ve_Point005=0.513333,1.000000
	Ve_Point006=0.551667,0.601093
	Ve_Point007=0.610000,0.327869
	Ve_Point008=0.715000,0.131148
	Ve_Point009=0.820000,0.049180
	Ve_Point010=1.000000,0.000000

[General]
	Type=LowPass
