[ConfigIO]
	appname=Amplify
	version=$VER: Percussion.cfg 1.20 (31.10.98) © by Stefan Kost 1993-1998

[S1]
	RangeMode=All

[M1]
	Value1=0.0
	Value2=1.0
	BShape=Vector
	Ve_Anz=16
	Ve_Point000=0.000000,0.000000
	Ve_Point001=0.001666,0.918033
	Ve_Point002=0.030000,1.000000
	Ve_Point003=0.215000,1.000000
	Ve_Point004=0.248333,0.956284
	Ve_Point005=0.270000,0.901639
	Ve_Point006=0.323333,0.595628
	Ve_Point007=0.371667,0.557377
	Ve_Point008=0.426667,0.606557
	Ve_Point009=0.550000,0.500000
	Ve_Point010=0.700000,0.500000
	Ve_Point011=0.760000,0.486339
	Ve_Point012=0.795000,0.431694
	Ve_Point013=0.871667,0.142077
	Ve_Point014=0.918333,0.054644
	Ve_Point015=1.000000,0.000000

[General]
	Wrap=None
	MaxVol=False
