[ConfigIO]
	appname=Amplify
	version=$VER: Pluck.cfg 1.20 (31.10.98) © by Stefan Kost 1993-1998

[S1]
	RangeMode=All

[M1]
	Value1=0.0
	Value2=1.0
	BShape=Vector
	Ve_Anz=12
	Ve_Point000=0.000000,0.000000
	Ve_Point001=0.001666,0.918033
	Ve_Point002=0.030000,1.000000
	Ve_Point003=0.046666,0.814208
	Ve_Point004=0.075000,0.590164
	Ve_Point005=0.155000,0.322404
	Ve_Point006=0.253333,0.196721
	Ve_Point007=0.363333,0.120219
	Ve_Point008=0.520000,0.065573
	Ve_Point009=0.675000,0.032786
	Ve_Point010=0.851667,0.021857
	Ve_Point011=1.000000,0.000000
	Ve_Point012=0.795000,0.431694
	Ve_Point013=0.871667,0.142077
	Ve_Point014=0.918333,0.054644
	Ve_Point015=1.000000,0.000000

[General]
	Wrap=None
	MaxVol=False
