[ConfigIO]
	appname=Amplify
	version=$VER: RoomImpulseResponse.cfg 1.20 (31.10.98) © by Stefan Kost 1993-1998

[S1]
	RangeMode=All

[M1]
	Value1=0.0
	Value2=1.0
	BShape=Vector
	Ve_Anz=15
	Ve_Point000=0.000000,0.000000
	Ve_Point001=0.001666,0.918033
	Ve_Point002=0.016666,1.000000
	Ve_Point003=0.041666,1.000000
	Ve_Point004=0.065000,0.934426
	Ve_Point005=0.128333,0.584699
	Ve_Point006=0.170000,0.005464
	Ve_Point007=0.253333,0.000000
	Ve_Point008=0.301667,0.131148
	Ve_Point009=0.363333,0.218579
	Ve_Point010=0.430000,0.224044
	Ve_Point011=0.513333,0.224044
	Ve_Point012=0.656667,0.180328
	Ve_Point013=0.815000,0.092896
	Ve_Point014=1.000000,0.000000
	Ve_Point015=1.000000,0.000000

[General]
	Wrap=None
	MaxVol=False
