[ConfigIO]
	appname=ModVector
	version=$VER: New00.cfg 4.2 (07.07.03) © by Stefan Kost 1993-2003

[ModVector]
	Ve_Anz=12
	Ve_Point000=0.000000,0.000000
	Ve_Point001=0.010000,0.700000
	Ve_Point002=0.023333,1.000000
	Ve_Point003=0.203333,0.994536
	Ve_Point004=0.251667,0.945355
	Ve_Point005=0.323333,0.677596
	Ve_Point006=0.395000,0.590164
	Ve_Point007=0.550000,0.500000
	Ve_Point008=0.700000,0.500000
	Ve_Point009=0.806667,0.245902
	Ve_Point010=0.900000,0.100000
	Ve_Point011=1.000000,0.000000
