[ConfigIO]
	appname=ModVector
	version=$VER: New00.cfg 4.2 (07.07.03) © by Stefan Kost 1993-2003

[ModVector]
	Ve_Anz=5
	Ve_Point000=0.000000,0.005464
	Ve_Point001=0.253333,1.000000
	Ve_Point002=0.501667,0.502732
	Ve_Point003=0.751667,0.502732
	Ve_Point004=1.000000,0.000000
