[ConfigIO]
	appname=ModVector
	version=$VER: New00.cfg 4.2 (07.07.03) © by Stefan Kost 1993-2003

[ModVector]
	Ve_Anz=12
	Ve_Point000=0.000000,0.000000
	Ve_Point001=0.073333,0.715847
	Ve_Point002=0.118333,0.978142
	Ve_Point003=0.181667,1.000000
	Ve_Point004=0.243333,0.967213
	Ve_Point005=0.295000,0.830601
	Ve_Point006=0.360000,0.754098
	Ve_Point007=0.753333,0.754098
	Ve_Point008=0.825000,0.677596
	Ve_Point009=0.885000,0.311475
	Ve_Point010=0.946667,0.065573
	Ve_Point011=1.000000,0.000000
