[ConfigIO]
	appname=ModVector
	version=$VER: New00.cfg 4.2 (07.07.03) © by Stefan Kost 1993-2003

[ModVector]
	Ve_Anz=6
	Ve_Point000=0.000000,0.000000
	Ve_Point001=0.011666,0.934426
	Ve_Point002=0.026666,1.000000
	Ve_Point003=0.975000,1.000000
	Ve_Point004=0.996667,0.928962
	Ve_Point005=1.000000,0.000000
