[ConfigIO]
	appname=Reverse
	version=$VER: 2IDs_xtra.cfg 1.20 (10.08.80) © by Stefan Kost 1993-1980

[S1]
	RangeMode=All

[M1]
	Value1=0.5
	Value2=0.5
	BShape=Vector
	Ve_Anz=8
	Ve_Point000=0.000000,0.000000
	Ve_Point001=0.031666,0.380000
	Ve_Point002=0.110000,0.673333
	Ve_Point003=0.181667,0.880000
	Ve_Point004=0.340000,0.733333
	Ve_Point005=0.561667,0.520000
	Ve_Point006=0.741667,0.333333
	Ve_Point007=1.000000,0.013333
