[ConfigIO]
	appname=DelayPlus
	version=$VER: New00.cfg 4.2 (10.09.02) © by Stefan Kost 1993-2002

[S1]
	RangeMode=All

[I1]
	Type=Linear
	Range=2.000000

[General]
	Ampf=2.000000
	Type=LowPass

[M1]
	Value1=1.0000000
	Value2=0.40000000
	BShape=None

[M2]
	Value1=0.950000000
	Value2=0.800000
	BShape=Vector
	Ve_Anz=9
	Ve_Point000=0.000000,1.000000
	Ve_Point001=0.250000,1.000000
	Ve_Point002=0.345000,0.836066
	Ve_Point003=0.410000,0.650000
	Ve_Point004=0.503333,0.502732
	Ve_Point005=0.753333,0.502732
	Ve_Point006=0.841667,0.306011
	Ve_Point007=0.900000,0.100000
	Ve_Point008=1.000000,0.000000

[M3]
	Value1=C-2
	Value2=100.0000 ms
	BShape=None

[M4]
	Value1=0.3000000
	Value2=0.70000000
	BShape=Vector
	Ve_Anz=9
	Ve_Point000=0.000000,1.000000
	Ve_Point001=0.188333,0.819672
	Ve_Point002=0.320000,0.600000
	Ve_Point003=0.408333,0.535519
	Ve_Point004=0.500000,0.502732
	Ve_Point005=0.751667,0.502732
	Ve_Point006=0.855000,0.360656
	Ve_Point007=0.900000,0.100000
	Ve_Point008=1.000000,0.000000

[M5]
	Value1=1.00000000
	Value2=5.00000000
	BShape=None
