[ConfigIO]
	appname=MultiDelay
	version=$VER: MediumRoom.cfg 1.20 (02.11.98) © by Stefan Kost 1993-1998

[S1]
	RangeMode=All

[General]
	Ampf=9.00000000
	Dry=0.80000000
	Nr=8
	Del0=10.0000 ms
	Fbl0=0.80000000
	Amp0=0.80000000
	Fbg0=0.80000000
	Del1=21.0000 ms
	Fbl1=0.70000000
	Amp1=0.7000000
	Fbg1=0.70000000
	Del2=35.0000 ms
	Fbl2=0.70000000
	Amp2=0.70000000
	Fbg2=0.60000000
	Del3=50.0000 ms
	Fbl3=0.60000000
	Amp3=0.600000
	Fbg3=0.50000000
	Del4=62.0000 ms
	Fbl4=0.60000000
	Amp4=0.60000000
	Fbg4=0.40000000
	Del5=78.0000 ms
	Fbl5=0.50000000
	Amp5=0.5000000
	Fbg5=0.30000000
	Del6=89.0000 ms
	Fbl6=0.50000000
	Amp6=0.50000000
	Fbg6=0.20000000
	Del7=107.0000 ms
	Fbl7=0.40000000
	Amp7=0.4000000
	Fbg7=0.10000000
