[ConfigIO]
	appname=MultiDelay
	version=$VER: Resonate-MaleVocalA.cfg 1.20 (02.11.98) © by Stefan Kost 1993-1998

[S1]
	RangeMode=All

[General]
	Ampf=7.00000000
	Dry=0.00000
	Nr=3
	Del0=175 Hz
	Fbl0=0.90000000
	Amp0=1.0000000
	Fbg0=0.00000000
	Del1=312 Hz
	Fbl1=0.90000000
	Amp1=1.000000
	Fbg1=0.0000000
	Del2=650 Hz
	Fbl2=0.90000000
	Amp2=1.0000000
	Fbg2=0.0000000
	Del3=C-2
	Fbl3=0.90000000
	Amp3=1.00000
	Fbg3=0.0000000
	Del4=F-2
	Fbl4=0.90000000
	Amp4=1.0000000
	Fbg4=0.0000000
	Del5=G-2
	Fbl5=0.90000000
	Amp5=1.000000
	Fbg5=0.0000000
	Del6=89.0000 ms
	Fbl6=0.50000000
	Amp6=0.50000000
	Fbg6=0.20000000
	Del7=107.0000 ms
	Fbl7=0.40000000
	Amp7=0.4000000
	Fbg7=0.10000000
