[ConfigIO]
	appname=MultiDelay
	version=$VER: Reverb.cfg 1.20 (02.11.98) © by Stefan Kost 1993-1998

[S1]
	RangeMode=All

[General]
	Ampf=8.00000000
	Dry=0.950000000
	Nr=8
	Del0=30.0000 ms
	Fbl0=0.40000000
	Amp0=0.40000000
	Fbg0=0.40000000
	Del1=70.0000 ms
	Fbl1=0.40000000
	Amp1=0.3500000
	Fbg1=0.40000000
	Del2=110.0000 ms
	Fbl2=0.350000000
	Amp2=0.3000000
	Fbg2=0.350000000
	Del3=155.0000 ms
	Fbl3=0.350000000
	Amp3=0.2500000
	Fbg3=0.350000000
	Del4=213.0000 ms
	Fbl4=0.30000000
	Amp4=0.20000000
	Fbg4=0.30000000
	Del5=297.0000 ms
	Fbl5=0.250000000
	Amp5=0.15000000
	Fbg5=0.250000000
	Del6=342.0000 ms
	Fbl6=0.20000000
	Amp6=0.10000000
	Fbg6=0.20000000
	Del7=401.0000 ms
	Fbl7=0.20000000
	Amp7=0.05000000
	Fbg7=0.20000000
