[ConfigIO]
	appname=MultiDelay
	version=$VER: Robotize.cfg 1.20 (03.11.98) © by Stefan Kost 1993-1998

[S1]
	RangeMode=All

[General]
	Ampf=9.00000000
	Dry=0.0000000
	Nr=8
	Del0=10.0000 ms
	Fbl0=0.80000000
	Amp0=0.80000000
	Fbg0=0.80000000
	Del1=20.0000 ms
	Fbl1=0.70000000
	Amp1=0.7000000
	Fbg1=0.70000000
	Del2=30.0000 ms
	Fbl2=0.60000000
	Amp2=0.60000000
	Fbg2=0.60000000
	Del3=40.0000 ms
	Fbl3=0.50000000
	Amp3=0.5000000
	Fbg3=0.50000000
	Del4=50.0000 ms
	Fbl4=0.40000000
	Amp4=0.40000000
	Fbg4=0.40000000
	Del5=60.0000 ms
	Fbl5=0.30000000
	Amp5=0.3000000
	Fbg5=0.30000000
	Del6=70.0000 ms
	Fbl6=0.20000000
	Amp6=0.20000000
	Fbg6=0.20000000
	Del7=80.0000 ms
	Fbl7=0.10000000
	Amp7=0.1000000
	Fbg7=0.10000000
