[ConfigIO]
	appname=MultiDelay
	version=$VER: SmallRoom.cfg 1.20 (03.11.98) © by Stefan Kost 1993-1998

[S1]
	RangeMode=All

[General]
	Ampf=9.00000000
	Dry=0.8000000
	Nr=8
	Del0=10.0000 ms
	Fbl0=0.80000000
	Amp0=0.80000000
	Fbg0=0.80000000
	Del1=17.0000 ms
	Fbl1=0.750000000
	Amp1=0.75000000
	Fbg1=0.750000000
	Del2=29.0000 ms
	Fbl2=0.70000000
	Amp2=0.70000000
	Fbg2=0.70000000
	Del3=35.0000 ms
	Fbl3=0.650000000
	Amp3=0.65000000
	Fbg3=0.650000000
	Del4=53.0000 ms
	Fbl4=0.60000000
	Amp4=0.60000000
	Fbg4=0.60000000
	Del5=67.0000 ms
	Fbl5=0.550000000
	Amp5=0.55000000
	Fbg5=0.55000000
	Del6=72.0000 ms
	Fbl6=0.50000000
	Amp6=0.50000000
	Fbg6=0.50000000
	Del7=84.0000 ms
	Fbl7=0.450000000
	Amp7=0.45000000
	Fbg7=0.450000000
