[ConfigIO]
	appname=MultiDelay
	version=$VER: 2IDs_catare.cfg 1.20 (10.08.80) © by Stefan Kost 1993-1980

[S1]
	RangeMode=All

[General]
	Ampf=6.00000000
	Dry=0.20000000
	Nr=6
	Del0=C-0
	Fbl0=0.650000000
	Amp0=0.80000000
	Fbg0=0.650000000
	Del1=C-1
	Fbl1=1.6000000
	Amp1=0.7000000
	Fbg1=0.60000000
	Del2=C-3
	Fbl2=10.55000000
	Amp2=0.60000000
	Fbg2=0.55000000
	Del3=C-4
	Fbl3=1.50000000
	Amp3=0.500000
	Fbg3=0.50000000
	Del4=G-0
	Fbl4=0.30000000
	Amp4=0.40000000
	Fbg4=0.30000000
	Del5=G-1
	Fbl5=0.250000000
	Amp5=0.3000000
	Fbg5=0.250000000
	Del6=89.0000 ms
	Fbl6=0.50000000
	Amp6=0.50000000
	Fbg6=0.20000000
	Del7=107.0000 ms
	Fbl7=0.40000000
	Amp7=0.4000000
	Fbg7=0.10000000
