[ConfigIO]
	appname=Equalize-FFT
	version=$VER: Bass&TrebbleBoost.cfg 1.25 (02.11.98) © by Stefan Kost 1993-1998

[S1]
	RangeMode=All

[W1]
	Type=Hamming
	Param=0.540000

[General]
	Eqf0=2.000000
	Eqf1=2.000000
	Eqf2=2.000000
	Eqf3=2.000000
	Eqf4=2.000000
	Eqf5=2.000000
	Eqf6=2.000000
	Eqf7=2.000000
	Eqf8=2.000000
	Eqf9=2.000000
	Eqf10=2.000000
	Eqf11=1.900000
	Eqf12=1.800000
	Eqf13=1.700000
	Eqf14=1.600000
	Eqf15=1.500000
	Eqf16=1.400000
	Eqf17=1.300000
	Eqf18=1.200000
	Eqf19=1.100000
	Eqf20=1.000000
	Eqf21=1.000000
	Eqf22=1.000000
	Eqf23=1.000000
	Eqf24=1.000000
	Eqf25=1.000000
	Eqf26=1.000000
	Eqf27=1.000000
	Eqf28=1.000000
	Eqf29=1.000000
	Eqf30=1.000000
	Eqf31=1.000000
	Eqf32=1.000000
	Eqf33=1.000000
	Eqf34=1.000000
	Eqf35=1.000000
	Eqf36=1.000000
	Eqf37=1.000000
	Eqf38=1.000000
	Eqf39=1.000000
	Eqf40=1.000000
	Eqf41=1.100000
	Eqf42=1.200000
	Eqf43=1.300000
	Eqf44=1.400000
	Eqf45=1.500000
	Eqf46=1.600000
	Eqf47=1.700000
	Eqf48=1.800000
	Eqf49=1.900000
	Eqf50=2.000000
	Eqf51=2.000000
	Eqf52=2.000000
	Eqf53=2.000000
	Eqf54=2.000000
	Eqf55=2.000000
	Eqf56=2.000000
	Eqf57=2.000000
	Eqf58=2.000000
	Eqf59=2.000000
	Eqf60=2.000000
	Eqf61=2.000000
	Eqf62=2.000000
	Eqf63=2.000000
	Eqf64=2.000000
	Mode=Cur
	Bands=64
	Steps=32
