[ConfigIO]
	appname=Equalize-FFT
	version=$VER: MidCut.cfg 1.25 (02.11.98) © by Stefan Kost 1993-1998

[S1]
	RangeMode=All

[W1]
	Type=Hamming
	Param=0.540000

[General]
	Eqf0=2.000000
	Eqf1=1.933333
	Eqf2=1.866667
	Eqf3=1.800000
	Eqf4=1.733333
	Eqf5=1.666667
	Eqf6=1.600000
	Eqf7=1.533333
	Eqf8=1.466667
	Eqf9=1.400000
	Eqf10=1.333333
	Eqf11=1.266667
	Eqf12=1.200000
	Eqf13=1.133333
	Eqf14=1.066667
	Eqf15=1.000000
	Eqf16=0.933333
	Eqf17=0.866667
	Eqf18=0.800000
	Eqf19=0.733333
	Eqf20=0.666667
	Eqf21=0.600000
	Eqf22=0.533333
	Eqf23=0.466667
	Eqf24=0.400000
	Eqf25=0.333333
	Eqf26=0.266667
	Eqf27=0.200000
	Eqf28=0.133333
	Eqf29=0.066666
	Eqf30=0.000000
	Eqf31=0.058823
	Eqf32=0.117647
	Eqf33=0.176471
	Eqf34=0.235294
	Eqf35=0.294118
	Eqf36=0.352941
	Eqf37=0.411765
	Eqf38=0.470588
	Eqf39=0.529412
	Eqf40=0.588235
	Eqf41=0.647059
	Eqf42=0.705882
	Eqf43=0.764706
	Eqf44=0.823529
	Eqf45=0.882353
	Eqf46=0.941176
	Eqf47=1.000000
	Eqf48=1.058824
	Eqf49=1.117647
	Eqf50=1.176471
	Eqf51=1.235294
	Eqf52=1.294118
	Eqf53=1.352941
	Eqf54=1.411765
	Eqf55=1.470588
	Eqf56=1.529412
	Eqf57=1.588235
	Eqf58=1.647059
	Eqf59=1.705882
	Eqf60=1.764706
	Eqf61=1.823529
	Eqf62=1.882353
	Eqf63=1.941176
	Eqf64=2.000000
	Mode=Cur
	Bands=64
	Steps=32
