[ConfigIO]
	appname=Distortion
	version=$VER: New00.cfg 4.1 (18.11.00) © by Stefan Kost 1993-2000

[S1]
	RangeMode=All

[General]
	Map=Mirrored

[M1]
	Value1=0.70000000
	Value2=-0.10000000
	BShape=User
	Us_ModId=2
	Us_Type=AmpEnv
	Us_Mode=Repeat
	Us_Env=MaxDecay

[M2]
	Value1=-1.00000000
	Value2=1.00000000
	BShape=Vector
	Ve_Anz=18
	Ve_Point000=0.000000,0.000000
	Ve_Point001=0.015000,0.240437
	Ve_Point002=0.026666,0.043715
	Ve_Point003=0.220000,0.229508
	Ve_Point004=0.230000,0.027322
	Ve_Point005=0.266667,0.502732
	Ve_Point006=0.283333,0.300546
	Ve_Point007=0.471667,0.464481
	Ve_Point008=0.486667,0.262295
	Ve_Point009=0.520000,0.754098
	Ve_Point010=0.538333,0.551913
	Ve_Point011=0.723333,0.715847
	Ve_Point012=0.731667,0.502732
	Ve_Point013=0.771667,1.000000
	Ve_Point014=0.786667,0.797814
	Ve_Point015=0.968333,0.956284
	Ve_Point016=0.985000,0.759563
	Ve_Point017=1.000000,1.000000
