[ConfigIO]
	appname=Distortion
	version=$VER: New00.cfg 4.1 (17.11.00) © by Stefan Kost 1993-2000

[S1]
	RangeMode=Range

[General]
	Map=Mirrored

[M1]
	Value1=2.00000000
	Value2=0.0000000
	BShape=Curve
	Cu_Exp=1.000000

[M2]
	Value1=-1.00000000
	Value2=1.00000000
	BShape=Vector
	Ve_Anz=13
	Ve_Point000=0.000000,0.000000
	Ve_Point001=0.015000,0.240437
	Ve_Point002=0.028333,0.038251
	Ve_Point003=0.250000,0.267760
	Ve_Point004=0.263333,0.497268
	Ve_Point005=0.280000,0.306011
	Ve_Point006=0.505000,0.513661
	Ve_Point007=0.518333,0.754098
	Ve_Point008=0.540000,0.562842
	Ve_Point009=0.755000,0.759563
	Ve_Point010=0.768333,0.994536
	Ve_Point011=0.788333,0.803279
	Ve_Point012=1.000000,1.000000
