[ConfigIO]
	appname=Synthesize-Add
	version=$VER: SawSynth.cfg 1.20 (22.05.99) © by Stefan Kost 1993-1999

[S1]
	RangeMode=All

[General]
	SVal0=1.000000
	SVal1=0.505495
	SVal2=0.250000
	SVal3=0.000000
	SVal4=0.000000
	SVal5=0.000000
	SVal6=0.000000
	SVal7=0.000000
	SVal8=0.000000
	SVal9=0.000000
	SVal10=0.000000
	SVal11=0.000000
	SVal12=0.000000
	SVal13=0.000000
	SVal14=0.000000
	SVal15=0.000000
	SVal16=0.000000
	SVal17=0.000000
	SVal18=0.000000
	SVal19=0.000000
	SVal20=0.000000
	SVal21=0.000000
	SVal22=0.000000
	SVal23=0.000000
	SVal24=0.000000
	SVal25=0.000000
	SVal26=0.000000
	SVal27=0.000000
	SVal28=0.000000
	SVal29=0.000000
	SVal30=0.000000
	SVal31=0.000000
	SVal32=0.000000
	SVal33=0.000000
	SVal34=0.000000
	SVal35=0.000000
	SVal36=0.000000
	SVal37=0.000000
	SVal38=0.000000
	SVal39=0.000000
	SVal40=0.000000
	SVal41=0.000000
	SVal42=0.000000
	SVal43=0.000000
	SVal44=0.000000
	SVal45=0.000000
	SVal46=0.000000
	SVal47=0.000000
	SVal48=0.000000
	SVal49=0.000000
	SVal50=0.000000
	SVal51=0.000000
	SVal52=0.000000
	SVal53=0.000000
	SVal54=0.000000
	SVal55=0.000000
	SVal56=0.000000
	SVal57=0.000000
	SVal58=0.000000
	SVal59=0.000000
	SVal60=0.000000
	SVal61=0.000000
	SVal62=0.000000
	SVal63=0.000000
	Oszilator=Saw
	Phase=0.0000 °
	Length=5.0000 s
	Rate=22050 hz
	Pitch=130.812783 hz
	Scale=0.56964000

[M1]
	Value1=1.00000000
	Value2=1.00000000
	BShape=None

[M2]
	Value1=0.00000000
	Value2=1.00000000
	BShape=Vector
	Ve_Anz=13
	Ve_Point000=0.000000,0.000000
	Ve_Point001=0.010000,0.693989
	Ve_Point002=0.021666,0.912568
	Ve_Point003=0.050000,1.000000
	Ve_Point004=0.250000,1.000000
	Ve_Point005=0.313333,0.918033
	Ve_Point006=0.381667,0.661202
	Ve_Point007=0.416667,0.546448
	Ve_Point008=0.478333,0.500000
	Ve_Point009=0.700000,0.500000
	Ve_Point010=0.820000,0.550000
	Ve_Point011=0.900000,0.100000
	Ve_Point012=1.000000,0.000000
