[ConfigIO]
	appname=Synthesize-Add
	version=$VER: New00.cfg 4.1 (29.08.00) © by Stefan Kost 1993-2000

[S1]
	RangeMode=All

[General]
	SVal0=1.000000
	SVal1=0.000000
	SVal2=0.000000
	SVal3=0.000000
	SVal4=0.000000
	SVal5=0.000000
	SVal6=0.000000
	SVal7=0.000000
	SVal8=0.000000
	SVal9=0.000000
	SVal10=0.000000
	SVal11=0.000000
	SVal12=0.000000
	SVal13=0.000000
	SVal14=0.000000
	SVal15=0.000000
	SVal16=0.000000
	SVal17=0.000000
	SVal18=0.000000
	SVal19=0.000000
	SVal20=0.000000
	SVal21=0.000000
	SVal22=0.000000
	SVal23=0.000000
	SVal24=0.000000
	SVal25=0.000000
	SVal26=0.000000
	SVal27=0.000000
	SVal28=0.000000
	SVal29=0.000000
	SVal30=0.000000
	SVal31=0.000000
	SVal32=0.000000
	SVal33=0.000000
	SVal34=0.000000
	SVal35=0.000000
	SVal36=0.000000
	SVal37=0.000000
	SVal38=0.000000
	SVal39=0.000000
	SVal40=0.000000
	SVal41=0.000000
	SVal42=0.000000
	SVal43=0.000000
	SVal44=0.000000
	SVal45=0.000000
	SVal46=0.000000
	SVal47=0.000000
	SVal48=0.000000
	SVal49=0.000000
	SVal50=0.000000
	SVal51=0.000000
	SVal52=0.000000
	SVal53=0.000000
	SVal54=0.000000
	SVal55=0.000000
	SVal56=0.000000
	SVal57=0.000000
	SVal58=0.000000
	SVal59=0.000000
	SVal60=0.000000
	SVal61=0.000000
	SVal62=0.000000
	SVal63=0.000000
	Oszilator=Sin
	Phase=0.0000 °
	Length=44704 sv
	Rate=44100 hz
	Pitch=261.625565 hz
	Scale=1.00000000

[M1]
	Value1=1.00000000
	Value2=0.001000000
	BShape=Curve
	Cu_Exp=0.125000

[M2]
	Value1=0.00000000
	Value2=1.00000000
	BShape=Vector
	Ve_Anz=11
	Ve_Point000=0.000000,0.000000
	Ve_Point001=0.003333,0.972678
	Ve_Point002=0.050000,1.000000
	Ve_Point003=0.173333,0.945355
	Ve_Point004=0.223333,0.584699
	Ve_Point005=0.286667,0.420765
	Ve_Point006=0.543333,0.377049
	Ve_Point007=0.675000,0.306011
	Ve_Point008=0.768333,0.191257
	Ve_Point009=0.900000,0.100000
	Ve_Point010=1.000000,0.000000
